5204013767305575990
5204013767305677366
5204017299937326134
5204017299937328694
5204017299937340982
5204016911220127286
5204017299937457206
5204016911220177974
5204016911220230198
5204017299937554486
5204017299937590838
5204016911220299830
5204017299937660982
5204017299937675830
5204017299937684534
5204017299937735222
5204016911220473910
5204017299937862198
5204017299937908278
5204017299937915446
5204016911220597302
5204016911220633142
5204016911220663862
5204017299938056758
5204016911220785718
5204017299938154550
5204016911220919862
5204017299938306614
5204017299938379318
5204017299938440758
5204016911221107766
5204017299938481206
5204017299938482230
5204017299938490934
5204016911221134902
5204016911221269046
5204017299938622518
5204017299938749494
5204017299938815542
5204016911221450806
5204017299938816566
5204017299938825270
5204017299938901046
5204016911221570614
5204017299939013174
5204020622071432758
5204020622071433782
5204020622071482934
5204017299939206710
5204020622071540278
5204020622071584822
5204020622071608886
5204020622071632950
5204017299939329590
5204021135343135798
5204020622071809078
5204021135343180342
5204020622071824950
5204021135343438390
5204020622072022070
5204021135343642678
5204021135343648822
5204021135343667254
5204021135343787062
5204021135343804982
5204021135343870518
5204020622072759862
5204020622073071158
5204021135344571446
5204020622073220150
5204021135344768566
5204021135344796726
5204021135344905782
5204020622073467958
5204020622073524278
5204023813167125558
5204021135345013302
5204021135345140790
5204023813167320118
5204024154604438070
5204023813167587382
5204024154604800566
5204023813167888950
5204024154604990006
5204024154605044790
5204024154605219382
5204024154605301814
5204023813168256566
5204023813168304694
5204024154605447222
5204024154605588534
5204023813168594486
5204023813168653366
5204023813168897590
5204024154605949494
5204023813168987702
5204023813169071158
5204023813169190966
5204023813169208374
5204026854025041462
5204026854025243702
5204026854025259062
5204027457434682422
5204027457434723894
5204026854025878582
5204026854025923126
5204027457435400246
5204027457435401270
5204027457435651126
5204027457435699254
5204026854026699318
5204026854026701878
5204027457435941942
5204026854027008566
5204027457436208182
5204030195509825078
5204030195509936182
5204030195510066742
5204030541221212726
5204030195510200886
5204030195510261302
5204030541221621302
5204030541221851702
5204030195511039542
5204030541222029366
5204030541222087222
5204030541222206006
5204030195511190070
5204030195511193142
5204030195511195702
5204030195511202358
5204030541222527030
5204030541222619190
5204030541222665270
5204033554199191094
5204034082434022966
5204034082434123318
5204033554199800374
5204033554199805494
5204034082434350134
5204033554200002614
5204033554200059958
5204034082434667062
5204034082434795062
5204034082435268662
5204033554200723510
5204034082435844150
5204034082435888182
5204037058892519478
5204037058892578358
5204037292909470262
5204037292909510710
5204037058892653622
5204037058892826678
5204037058892827702
5204037058892843574
5204037058892942390
5204037292909934134
5204037058893050934
5204037058893146678
5204037058893211190
5204037058893220918
5204037058893240886
5204037292910157878
5204037058893380150
5204037058893400630
5204037292910328886
5204037058893607990
5204037058893680694
5204037292910701622
5204037058893886518
5204037292910797366
5204037292910985270
5204037292910988854
5204037292910991414
5204037292911013430
5204037292911026230
5204037292911201846
5204037292911363638
5204037058894455862
5204040634427524662
5204037292911487030
5204040853437440054
5204040634427759670
5204040634427805750
5204040853437524534
5204040853437699638
5204040634428039734
5204040634428094006
5204040634428298806
5204040634428305462
5204040853438009398
5204040853438028342
5204040853438107702
5204040853438134838
5204040634428447798
5204040634428501558
5204040853438450742
5204040634428805174
5204040634428939318
5204040853438667830
5204040634428960310
5204040853438776886
5204040634429152310
5204040634429371446
5204040634429523510
5204044469812375606
5204044469812428342
5204044469812483638
5204044310986916918
5204044310986921014
5204044310987073590
5204044310987131446
5204044310987132470
5204044310987133494
5204044469812835382
5204044469812925494
5204044310987316278
5204044469813006390
5204044469813041206
5204044310987400758
5204044469813074998
5204044469813172278
5204044310987573302
5204044310987647030
5204044469813390902
5204044310987754550
5204044469813442102
5204044469813593654
5204044469813632566
5204044469813640246
5204044310988015158
5204044310988108854
5204044310988127798
5204044310988155446
5204044310988248118
5204044469814062646
5204044310988464182
5204044469814137910
5204044469814142518
5204044469814144566
5204044469814172726
5204044310988601910
5204044310988682806
5204044310988694582
5204044469814394422
5204048094829780534
5204048094829797942
5204048193549026870
5204048193549067318
5204048094829893174
5204048094830009910
5204048094830056502
5204048094830068790
5204048094830097974
5204048193549390390
5204048094830436918
5204048193549781558
5204048094830564406
5204048094830593590
5204048193549856822
5204048094830767670
5204048193550011958
5204048094830912054
5204048193550302774
5204048193550303798
5204048193550575158
5204048193550646838
5204048094831811126
5204048193550986294
5204051459917798454
5204051595163216950
5204051595163233334
5204051595163295286
5204051595163402294
5204051459918271030
5204051595163605558
5204051595163679286
5204051459918864950
5204051595164153398
5204051595164283958
5204051595164343862
5204051459919160886
5204051459919243318
5204051459919258678
5204051595164599350
5204051595164793398
5204054346154871350
5204054399797958710
5204054346155130934
5204054346155470390
5204054346155502646
5204054399798581814
5204054346156026422
5204054399799086646
5204054346156156470
5204054399799100470
5204054346156214326
5204054346156472886
5204055565881446454
5204055512238844470
5204055565882033206
5204055512239090230
5204055512239219766
5204055512239348790
5204055512239766582
5204055565882837558
5204055565882850870
5204055565883008054
5204055565883213878
5204056719046625334
5204056719047034422
5204056747023054902
5204056719047391286
5204056719047867958
5204056719047913014
5204056747023941686
5204056747024319542
5204056719048410166
5204056747024435766
5204057983992497206
5204057983992539190
5204058005448832054
5204058005449066038
5204058005449155638
5204058005449386550
5204057983994008630
5204059386234030646
5204059431419397686
5204059386235649590
5204060767086776374
5204060767086919222
5204060928215274038
5204060928215351862
5204060928215559734
5204060767087352886
5204060767087375926
5204060928215802422
5204060928215849014
5204060928215935542
5204060767087898678
5204060767088088118
5204060767088177718
5204060767088282166
5204060928217129526
5204062560235648566
5204062639759815734
5204062560236203574
5204062639760362038
5204062639760588854
5204062639760659510
5204062639761328182
5204062639761418806
5204064095730428470
5204064095730472502
5204064095730950710
5204064095731183670
5204064127966611510
5204064127966870070
5204064127967437878
5204064127967501878
5204064127967523894
5204064127967720502
5204064095732383286
5204066210924455478
5204066260375313974
5204066210924750902
5204066210925039670
5204066210925129782
5204066260375870006
5204066260375967798
5204066210925350966
5204066260376107574
5204066210925512758
5204066260376421942
5204066260376574006
5204066260376667702
5204066210925905462
5204066260376725558
5204066210925938230
5204066260376911926
5204066210926215734
5204068407812782134
5204068407812960310
5204068459398784566
5204068459398890038
5204068459398939702
5204068407813290550
5204068459399077430
5204068407813422646
5204068407813423670
5204068407813564470
5204068407813661238
5204068407813720630
5204068459399405622
5204068407813915190
5204068459399658550
5204068407814262326
5204068459400160822
5204068407814552118
5204070656215411254
5204070656216365110
5204070656216724022
5204070656216955958
5204070656217155126
5204070722822551606
5204070656217289270
5204070656217372726
5204070722822808630
5204073177461858358
5204073029197549622
5204073177461964342
5204073177462016054
5204073029197830198
5204073177462258742
5204073177462286390
5204073177462530614
5204073029198183478
5204073177462712374
5204073177463043126
5204073029198701622
5204073029198787638
5204073029198793270
5204073177463506998
5204073029199333430
5204073177463592502
5204073177463657014
5204075728672413750
5204075728672989750
5204075494496822838
5204075494496823862
5204075728673034294
5204075728673089590
5204075728673104950
5204075494497383990
5204075494497547830
5204075728673846838
5204075494497823286
5204075494498052150
5204075494498080310
5204077813790962230
5204077813791477302
5204078101541813302
5204078101541838390
5204077813792176182
5204078101542263862
5204077813792421430
5204077813792594998
5204078101542570038
5204078101542584886
5204077813792698934
5204077813792707126
5204078101542687286
5204077813792739382
5204077813792858166
5204078101542954038
5204077813793011254
5204078101543023158
5204078101543121462
5204080592634964534
5204078101543250998
5204080858910253110
5204080592635184182
5204080592635187254
5204080858910361142
5204080858910369846
5204080592635220022
5204080592635258934
5204080592635261494
5204080592635262518
5204080592635297846
5204080592635313718
5204080592635513910
5204080858910885942
5204080592635805238
5204080858911015478
5204080592635865654
5204080592635866678
5204080592635872310
5204080858911104566
5204080592636013622
5204080858911307318
5204080858911410230
5204080858911511094
5204080858911557174
5204080858911592502
5204080858911698486
5204080858912099894
5204080858912186934
5204083425186835510
5204083425186844214
5204080858912228918
5204080858912233014
5204083425186867766
5204083706486170678
5204083425187065910
5204083425187140150
5204083706486394934
5204083425187485238
5204083706486703670
5204083425187754550
5204083706486925878
5204083706487268406
5204083425188344374
5204083706487586358
5204083425188450358
5204083706487673398
5204086008653558838
5204085804578296886
5204085804578396726
5204085804578701878
5204086008654553142
5204085804578917942
5204085804579084854
5204086008654876726
5204086008655002166
5204086008655212598
5204085804579562038
5204086008655554102
5204087919895372342
5204087919895668790
5204087919896102966
5204087739482521654
5204087739482581558
5204087739482976310
5204087739483251254
5204087919897009718
5204090026619184694
5204089781740110390
5204090026620187702
5204090026620250166
5204090026620309046
5204092227701387830
5204092227701759542
5204091974345019446
5204092227701981750
5204092227701996086
5204091974345455158
5204092227702224950
5204091974345590838
5204091974345674806
5204091974345691702
5204091974345694262
5204091974345738806
5204091974346121270
5204092227702928950
5204093990806514742
5204093990806605878
5204093990806855734
5204094117508480566
5204093990807065654
5204093990807084086
5204094117508611638
5204094117508664374
5204093990807384630
5204094117508815926
5204093990807846966
5204094117509835830
5204095837667673142
5204095762480782902
5204095762480963126
5204095837668278838
5204095762481350198
5204095762481757750
5204095837668771382
5204095762481969206
5204095837669350454
5204097450427554870
5204097534198304822
5204097534198327350
5204097450428092982
5204097534198755382
5204097450428163638
5204097450428381750
5204097450428489270
5204097450428891190
5204097450428926006
5204097450429078582
5204097450429086262
5204097450429130806
5204097534199779382
5204097450429340726
5204097450429349942
5204097450429445174
5204097450429470774
5204097534200146998
5204097450429625910
5204099374573004342
5204099374573046838
5204099589340168246
5204099589340212278
5204099589340728374
5204099589340762166
5204099374574008886
5204099374574011958
5204099589341333046
5204099374574245430
5204099589341482038
5204099374574358582
5204099589341890102
5204099374574858806
5204099374574980662
5204101094707446326
5204101094707752502
5204101191285777974
5204101094707946038
5204101191285803062
5204101191286002742
5204101191286069814
5204101191286145590
5204101191286295606
5204101094708496438
5204101191286476342
5204101191286929462
5204101094709284406
5204101191287133750
5204102544258763318
5204101191287250998
5204102778376585270
5204102544259330102
5204102778376882742
5204102544259689014
5204102778377127478
5204102544259777078
5204102544259800118
5204102778377244214
5204102544259932726
5204102544259949622
5204102544259958326
5204102778377354294
5204102544259997238
5204102544260054070
5204102778377568310
5204102544260270134
5204102778377697846
5204102544260324918
5204102778377849398
5204102544260508726
5204102544260553782
5204102778378105398
5204104238642291254
5204104500557702198
5204104500558008886
5204104500558040630
5204104238643206198
5204104500558418486
5204104500558458934
5204104500558526518
5204104238643566646
5204104500558666294
5204104238643725878
5204104238643989558
5204104500559030838
5204104500559299638
5204104238644239414
5204104500559360566
5204104500559591478
5204106074741044278
5204106373264412726
5204106373264433718
5204106074741596214
5204106074741602358
5204106074741739062
5204106074741816374
5204106074742189110
5204106373265508918
5204106373265575990
5204106373265622070
5204107833530152502
5204107833530239030
5204108091209490998
5204108091209497142
5204107833530790454
5204108091209720886
5204107833530995254
5204108091209982006
5204108091210157110
5204108091210178614
5204108091210223670
5204108091210655798
5204108091210679350
5204108091210756150
5204108091210896438
5204109680388980790
5204109680388991542
5204109931602513462
5204109680389233718
5204109680389399606
5204109680389435446
5204109680389454902
5204109680389567030
5204109931602912822
5204109680389910582
5204109931603183670
5204109931603268150
5204109931603286582
5204109680390125110
5204109931603657782
5204109931603754550
5204109680390523958
5204109680390605878
5204109931604256822
5204111387537781814
5204111387537937974
5204109931604545590
5204109931604546102
5204109931604583478
5204111713955319862
5204111713955345974
5204111387538618934
5204111713955571766
5204111713955578422
5204111713955671606
5204111387538730038
5204111713955704374
5204111387538750006
5204111713956042806
5204111713956164662
5204111713956228150
5204111713956265526
5204111713956337206
5204111387539500598
5204111387539697718
5204111387539734070
5204111713956709942
5204113135667231286
5204111713957078070
5204113135667509814
5204113601593470006
5204113135667834934
5204113601593764918
5204113601593809974
5204113601593844278
5204113601594148406
5204113135668770870
5204113601594660406
5204113601594661430
5204113135668913718
5204113135668922422
5204113135668981302
5204113601594756662
5204113601594762294
5204113601594853430
5204114851506587702
5204113601595088438
5204113601595329078
5204114851507074614
5204114851507684406
5204114851507781174
5204115328183611958
5204115328183627830
5204114851508073014
5204115328184002614
5204115328184229942
5204115328184303670
5204116444939435574
5204115328184676406
5204116444939659318
5204116872288544822
5204116444939926070
5204116444940198966
5204116872289032246
5204116444940466742
5204116444940607542
5204116444940630582
5204116444940631606
5204116872289483318
5204116444940716598
5204116444940981302
5204116444940993590
5204116444941078070
5204116872290337846
5204118291697940534
5204116872290538038
5204118291698103350
5204118291698760246
5204118620276061750
5204118620276070454
5204118291699092534
5204118291699103798
5204118620276445238
5204118291699362870
5204118291699484726
5204118620276750902
5204118620276840502
5204118620276847670
5204119990458530358
5204119990458552886
5204119990458647606
5204120275986494518
5204119990459934774
5204119990459947574
5204120275986960438
5204120275987021366
5204120275987052086
5204121755689606710
5204120275987200054
5204121755690051638
5204121755690217014
5204121974666252342
5204121755690389558
5204121974666864182
5204121755690962486
5204121974667315766
5204121755691369526
5204121755691392566
5204121755691393590
5204121755691431478
5204121755691473974
5204121974667544630
5204123546690828854
5204121974667672118
5204121974667711542
5204123701309624374
5204123701309652534
5204123546690939446
5204123546690943542
5204123546690949174
5204123701309685814
5204123546691023414
5204123701309832758
5204123546691156534
5204123546691158582
5204123546691169334
5204123546691290678
5204123701310013494
5204123701310014518
5204123701310039094
5204123701310054454
5204123701310062646
5204123546691391542
5204123701310088246
5204123546691422774
5204123546691438134
5204123546691439158
5204123701310148662
5204123546691464246
5204123701310240822
5204123701310259254
5204123701310264886
5204123701310313526
5204123701310326838
5204123546691720246
5204123546691771958
5204123701310425142
5204123701310489654
5204123546691868726
5204123701310534198
5204123546691934262
5204123701310597686
5204123701310624822
5204123701310769718
5204123701310773814
5204123546692124726
5204123701310808118
5204123701310818870
5204123546692207158
5204123701310850102
5204123701310895670
5204123546692275254
5204123701310915638
5204123701310976566
5204123701311016502
5204123546692455990
5204123546692549686
5204123546692673590
5204123546692758582
5204123546692759606
5204123546692827702
5204123546692828726
5204123701311438902
5204123701311443510
5204123701311461430
5204123546692858934
5204123701311473206
5204123701311476790
5204123701311659062
5204125058418817590
5204125058418865206
5204125193743752246
5204125193743760950
5204125058418890806
5204125058418930742
5204125058418931766
5204125193743828022
5204125193743994422
5204125058419110454
5204125058419123254
5204125193744132662
5204125193744137782
5204125058419247158
5204125058419299382
5204125058419400758
5204125058419410486
5204125193744381494
5204125193744399414
5204125058419464758
5204125058419465782
5204125193744423478
5204125058419489846
5204125058419492406
5204125193744431158
5204125058419493430
5204125058419494454
5204125193744433718
5204125193744434742
5204125193744435766
5204125193744438326
5204125058419495478
5204125058419496502
5204125058419497526
5204125193744439350
5204125193744440374
5204125193744441398
5204125193744445494
5204125193744446518
5204125058419498550
5204125058419499574
5204125058419502134
5204125058419503158
5204125058419504182
5204125193744449078
5204125193744450102
5204125193744451126
5204125193744452150
5204125058419505206
5204125058419506230
5204125193744456246
5204125193744457270
5204125193744459830
5204125058419507254
5204125193744460854
5204125193744462902
5204125058419508278
5204125193744464438
5204125193744465462
5204125193744466998
5204125193744467510
5204125058419510838
5204125193744471094
5204125058419511862
5204125058419512886
5204125058419513910
5204125058419514934
5204125193744475190
5204125058419526710
5204125058419529270
5204125058419530294
5204125058419531318
5204125193744483894
5204125193744484406
5204125193744487478
5204125058419532342
5204125058419533366
5204125058419534390
5204125193744489014
5204125193744490038
5204125193744491062
5204125193744492086
5204125193744494646
5204125193744495670
5204125193744496694
5204125058419538998
5204125058419541558
5204125058419542582
5204125058419543606
5204125193744498230
5204125193744498742
5204125058419544630
5204125058419548726
5204125193744499766
5204125058419549750
5204125193744501302
5204125058419553846
5204125058419556918
5204125058419558454
5204125058419561014
5204125058419562038
5204125058419563062
5204125058419568182
5204125058419569206
5204125193744504374
5204125193744505398
5204125058419570742
5204125193744507958
5204125193744508982
5204125193744510006
5204125193744511030
5204125193744512054
5204125193744513078
5204125193744515638
5204125058419576374
5204125058419577910
5204125058419578934
5204125058419579958
5204125193744516662
5204125058419582518
5204125058419583542
5204125058419584566
5204125193744519222
5204125193744520246
5204125193744521270
5204125193744522294
5204125058419585590
5204125058419588662
5204125193744523318
5204125058419590198
5204125058419591222
5204125058419592246
5204125058419593270
5204125058419594294
5204125193744532022
5204125058419595318
5204125058419596342
5204125058419597366
5204125058419598390
5204125058419599414
5204125193744533046
5204125193744534070
5204125193744535094
5204125058419600438
5204125058419601462
5204125058419602486
5204125058419603510
5204125058419604534
5204125058419607094
5204125058419608118
5204125193744547894
5204125193744550454
5204125193744551478
5204125193744552502
5204125058419610678
5204125058419611702
5204125193744553526
5204125193744554550
5204125193744556598
5204125058419612726
5204125193744557622
5204125193744558646
5204125193744560182
5204125193744565814
5204125193744568374
5204125058419615286
5204125058419617846
5204125193744572470
5204125193744573494
5204125193744575030
5204125193744576054
5204125058419620406
5204125058419622966
5204125058419635254
5204125058419636278
5204125193744583222
5204125058419640374
5204125193744589878
5204125193744592438
5204125058419646006
5204125058419647030
5204125058419648566
5204125058419649590
5204125058419653174
5204125058419655734
5204125193744615478
5204125193744617526
5204125058419675190
5204125193744620086
5204125058419676726
5204125058419677750
5204125058419685942
5204125193744629814
5204125058419689014
5204125058419695158
5204125193744642614
5204125058419707958
5204125193744667190
5204125193744668214
5204125058419724342
5204125193744674358
5204125193744675382
5204125058419737142
5204125058419743798
5204125193744692790
5204125058419750966
5204125058419771958
5204125058419778614
5204125058419779638
5204125193744747574
5204125058419792438
5204125193744750134
5204125058419797046
5204125058419798070
5204125193744761910
5204125058419822134
5204125193744785974
5204125058419851830
5204125058419852854
5204125058419855414
5204125058419865142
5204125058419876406
5204125058419888182
5204125193744842294
5204125193744845366
5204125193744849462
5204125193744862262
5204125058419921462
5204125058419922486
5204125058419941942
5204125058419974198
5204125058419982390
5204125058420014646
5204125058420015670
5204125193744986166
5204125193744990774
5204125193745002550
5204125193745007158
5204125058420050486
5204125193745022518
5204125193745028662
5204125058420064310
5204125058420067894
5204125058420068918
5204125058420069942
5204125193745068598
5204125058420101174
5204125058420104246
5204125193745083958
5204125193745084982
5204125193745087542
5204125193745090102
5204125193745091126
5204125193745098806
5204125058420135478
5204125193745103926
5204125193745113142
5204125193745114678
5204125058420141622
5204125058420159542
5204125058420216886
5204125193745193014
5204125058420225590
5204125193745201718
5204125058420243510
5204125058420274230
5204125058420276790
5204125193745247286
5204125193745248310
5204125058420283446
5204125193745259062
5204125058420299318
5204125058420320310
5204125058420346934
5204125193745332278
5204125058420370486
5204125193745355318
5204125193745357878
5204125058420380726
5204125058420384822
5204125058420406838
5204125058420437046
5204125193745438774
5204125193745465398
5204125058420489270
5204125058420505142
5204125058420514358
5204125058420533302
5204125193745536054
5204125193745537590
5204125058420557878
5204125058420563510
5204125193745585206
5204125058420584502
5204125058420587062
5204125193745635382
5204125193745637942
5204125058420621878
5204125058420630582
5204125058420631606
5204125193745656374
5204125193745678390
5204125058420663350
5204126931036964918
5204126963337310262
5204126931036991030
5204126931037033526
5204126963337381942
5204126931037055030
5204126963337444406
5204126931037083702
5204126963337461302
5204126931037204022
5204126931037224502
5204126931037271606
5204126931037365302
5204126963337705014
5204126963337804854
5204126931037531702
5204126931037534262
5204126931037542966
5204126963337892406
5204126963337926710
5204126963337927734
5204126931037742134
5204126963338054198
5204126963338126902
5204126931037923894
5204126963338199606
5204126963338224694
5204126963338315318
5204126963338342454
5204126963338343478
5204126963338356278
5204126963338368054
5204126931038095926
5204126931038096950
5204126931038140982
5204126931038162486
5204126963338463798
5204126963338468406
5204126963338479158
5204126963338481718
5204126931038259766
5204126931038292534
5204126963338606646
5204126931038359094
5204126963338675254
5204126931038511158
5204126931038519862
5204126963338753078
5204126963338821174
5204126931038683702
5204126931038693942
5204126931038701110
5204126963338927670
5204126963338944054
5204126963338981430
5204126931038819894
5204126931038934582
5204126931038967862
5204126931039022646
5204128934639192118
5204128934639219254
5204126963339350582
5204126963339354678
5204128934639282230
5204129016289691702
5204128934639283254
5204129016289754166
5204129016289765430
5204128934639466038
5204129016289887286
5204128934639480886
5204128934639482422
5204128934639528502
5204129016290051638
5204129016290076726
5204128934639724086
5204128934639765558
5204129016290168886
5204129016290175030
5204129016290186806
5204129016290265654
5204129016290281526
5204129016290287158
5204128934639893046
5204129016290364982
5204129016290425398
5204128934640067126
5204129016290461238
5204129016290533942
5204128934640213046
5204129016290581558
5204129016290582582
5204129016290705462
5204129016290765878
5204128934640415286
5204129016290901558
5204129016290931254
5204129016291002934
5204129016291003958
5204129016291018806
5204128934640683574
5204129016291075638
5204129016291084854
5204129016291140150
5204129016291199030
5204128934640888886
5204129016291225142
5204128934640906294
5204129016291272758
5204128934640952374
5204128934641056822
5204128934641106998
5204128934641124918
5204128934641137206
5204130996223546422
5204130996223563830
5204129016291736118
5204129016291759158
5204131210959258678
5204131210959285302
5204131210959378998
5204131210959386166
5204130996223796278
5204131210959468086
5204131210959503414
5204130996223863350
5204130996223872054
5204130996223902262
5204131210959534646
5204131210959585846
5204130996224090166
5204130996224093238
5204130996224251446
5204130996224472630
5204130996224473654
5204131210960135222
5204130996224587318
5204130996224631862
5204130996224697398
5204130996224726582
5204131210960351286
5204131210960352310
5204130996224769078
5204130996224784950
5204131210960394806
5204130996224814134
5204131210960433718
5204131210960533046
5204130996225020470
5204130996225050166
5204130996225172534
5204131210960929846
5204131210960933942
5204130996225365046
5204131210960963126
5204131210961012790
5204131210961067574
5204130996225564726
5204131210961155126
5204133193120249398
5204131210961220662
5204131210961238582
5204133193120382006
5204133437899973174
5204133193120669238
5204133193120718902
5204133193120730678
5204133193120748086
5204133193120769078
5204133193120777782
5204133437900171830
5204133437900209718
5204133437900275254
5204133437900442678
5204133437900467766
5204133437900470326
5204133437900579894
5204133437900583990
5204133437900761142
5204133437900824118
5204133437900866102
5204133437900978230
5204133193121755702
5204133437901187126
5204133193121921590
5204133437901321782
5204133193121926710
5204133437901368886
5204133437901442102
5204133437901467190
5204133193122076726
5204133193122097718
5204133437901540406
5204133437901717046
5204133193122274358
5204133437901791286
5204135516722725430
5204135516722775606
5204135516722886198
5204135336288244790
5204135336288257078
5204135336288267318
5204135336288268342
5204135516723098166
5204135516723223094
5204135516723229750
5204135336288574518
5204135336288575542
5204135336288631350
5204135336288863286
5204135516723598390
5204135336289105462
5204135516723842102
5204135336289183798
5204135336289226294
5204135336289256502
5204135336289264694
5204135336289265718
5204135516723960374
5204135336289346102
5204135336289375286
5204135516724160054
5204135516724178998
5204135516724207670
5204135336289680950
5204135516724377654
5204135516724428854
5204135516724445238
5204135336289796150
5204135336289833526
5204135336289938486
5204135516724705334
5204137943320570422
5204138033592498230
5204138033592539190
5204138033592567862
5204137943320720950
5204137943320729654
5204138033592665142
5204138033592683574
5204138033592750646
5204137943320962614
5204138033593001014
5204138033593014326
5204138033593145398
5204137943321325110
5204138033593195574
5204138033593236534
5204137943321513526
5204138033593345078
5204138033593488950
5204137943321666102
5204137943321667126
5204137943321734710
5204138033593620022
5204137943321861686
5204138033593709622
5204137943321999414
5204138033593777206
5204138033593804342
5204137943322075190
5204137943322076214
5204138033593820726
5204138033593821750
5204138033593854006
5204137943322318902
5204137943322370102
5204137943322521654
5204138033594239542
5204140455910306358
5204140455910378550
5204140455910406198
5204140711504776758
5204140711504789046
5204140711504886838
5204140711504896054
5204140711504945718
5204140455910598198
5204140711504992310
5204140455910670902
5204140455910719030
5204140455910839350
5204140711505386550
5204140455911040054
5204140455911087670
5204140711505645110
5204140711505738294
5204140711505782838
5204140455911382070
5204140711506014774
5204140455911693366
5204140711506194998
5204140711506267190
5204140455911832118
5204140455911900214
5204140711506454070
5204140455911971894
5204140455911993910
5204140711506558518
5204140711506586166
5204143204756137526
5204143204756287030
5204143028595713078
5204143028595776054
5204143204756480054
5204143028595991094
5204143204756681270
5204143204756763190
5204143028596295222
5204143204756975670
5204143028596337206
5204143204757101110
5204143204757300278
5204143204757304886
5204143204757370934
5204143204757729846
5204143204757752374
5204143204757892150
5204143204757983286
5204143204758024246
5204143204758114358
5204146636346984502
5204146346436973110
5204146636347085878
5204146346437338678
5204146346437383734
5204146636347468854
5204146346437627958
5204146346437716022
5204146636347941430
5204146346437802038
5204146636348119094
5204146346438143030
5204146636348351542
5204146636348379702
5204146346438238774
5204146636348493878
5204146346438451254
5204146346438565942
5204149741654562870
5204149898395588150
5204149898395620406
5204149741654684214
5204149898396043830
5204149741655059510
5204149741655068214
5204149898396313654
5204149898396438070
5204149741655433270
5204149898396760118
5204149741656036918
5204149898397093430
5204149898397229622
5204149741656419894
5204149898397361718
5204149898397386806
5204153602871921206
5204153220552943158
5204153602872135734
5204153220553232950
5204153602872417846
5204153220553467958
5204153220553562678
5204153220553843254
5204153220553937974
5204153602872946230
5204153602873006646
5204153220554135094
5204153602873209398
5204153220554417718
5204153602873951286
5204156529804966966
5204156905660452918
5204156529805221942
5204156529805253686
5204156529805509174
5204156529805510198
5204156905661071926
5204156529805705782
5204156905661184054
5204156529805878838
5204156905661722166
5204160637986567734
5204156905661801014
5204161507717319222
5204160637986838582
5204160637986867766
5204160637986989622
5204161507717557814
5204160637987049014
5204160637987351606
5204160637987357238
5204161507718054454
5204161507718198838
5204161507718320694
5204161507718350390
5204161507718354486
5204161507718399542
5204161507718540854
5204160637988206646
5204161507718740534
5204160637988270134
5204160637988280374
5204160637988470838
5204165377482951734
5204161507719378486
5204165377483174966
5204166101126249014
5204166101126311990
5204165377483265590
5204166101126319158
5204166101126375990
5204165377483439158
5204166101126637110
5204166101126674486
5204166101126784054
5204165377483729974
5204166101127071798
5204166101127072822
5204166101127138358
5204166101127265334
5204166101127498294
5204165377484489270
5204166101127603254
5204165377484519990
5204165377484568118
5204166101127787062
5204165377484826678
5204166101127979062
5204166101128032822
5204170295195288118
5204170295195298870
5204170741838262326
5204170741838271542
5204170295195517494
5204170295195551286
5204170741838435894
5204170295195610166
5204170741838594102
5204170741838624822
5204170295195827254
5204170741838765110
5204170295195996214
5204170295196058678
5204170295196071478
5204170295196077622
5204170741838913590
5204170295196282422
5204170295196311094
5204170741839153206
5204170741839158838
5204170741839243318
5204170741839278134
5204170741839349814
5204170741839380022
5204170741839505974
5204170741839637046
5204170741839756342
5204170741839779382
5204170295196931638
5204170741839827510
5204170741839852086
5204170741839876150
5204170741839898678
5204170295197098550
5204170741839959094
5204170741840153654
5204170741840162358
5204175288138736182
5204170741840333878
5204175949505019958
5204175949505110070
5204175949505152566
5204175288139135542
5204175288139136566
5204175288139165238
5204175949505246774
5204175949505473078
5204175288139460150
5204175949505562678
5204175288139537974
5204175949505594934
5204175949505599030
5204175288139704886
5204175949505776182
5204175949505803318
5204175949505937974
5204175949505990710
5204175949506056758
5204175949506186806
5204175288140257334
5204175949506238518
5204175288140368438
5204175949506349622
5204175288140398646
5204175288140491830
5204175288140494390
5204175949506508854
5204175949506622006
5204175288140653622
5204175949506670134
5204175288140748854
5204175288140766262
5204175288140780086
5204181092743011894
5204175949507010102
5204181689728808502
5204181092743268918
5204181689729143350
5204181689729170998
5204181092743640630
5204181092743761462
5204181092743849526
5204181689729486390
5204181092744005174
5204181092744027190
5204181689729604662
5204181092744117302
5204181689729680438
5204181689729727030
5204181689729739318
5204181092744316470
5204181689729915958
5204181689729976374
5204181092744473654
5204181092744580150
5204181689730212406
5204181689730245686
5204181689730268214
5204181689730320950
5204181092744739382
5204181092744778294
5204181092744807478
5204181689730440246
5204181689730738742
5204186347658666038
5204181689730791990
5204181689730851894
5204186699866902582
5204186699866913334
5204186347658870838
5204186699867017270
5204186699867055670
5204186699867129398
5204186347659154998
5204186347659156022
5204186347659196470
5204186347659200566
5204186347659218486
5204186699867278390
5204186699867329590
5204186347659289142
5204186347659322422
5204186347659342902
5204186347659351606
5204186699867425334
5204186699867442230
5204186347659394102
5204186699867495478
5204186699867511862
5204186347659469878
5204186699867547190
5204186347659492918
5204186347659523638
5204186699867647542
5204186347659602998
5204186347659641910
5204186699867726390
5204186699867853366
5204186347659764790
5204186699867869750
5204186699867943478
5204186699868041270
5204186699868100662
5204186347660066870
5204186347660088886
5204186347660109878
5204186347660214326
5204186347660300342
5204186347660441142
5204186347660533302
5204186699868704822
5204186347660631094
5204186699868763702
5204186699868776502
5204186699868800566
5204190640478534710
5204190640478547510
5204190640478570550
5204191061429265974
5204191061429469238
5204190640478850102
5204191061429514294
5204190640478887478
5204191061429531702
5204190640479192118
5204191061429848630
5204191061429877814
5204190640479343670
5204190640479401014
5204191061429978678
5204191061430014518
5204190640479479350
5204190640479514166
5204190640479529526
5204191061430071350
5204190640479607862
5204190640479704118
5204191061430336566
5204190640479880758
5204191061430549558
5204190640480086070
5204191061430771254
5204190640480251446
5204190640480315446
5204190640480316470
5204190640480366134
5204191061431001142
5204191061431002166
5204191061431041078
5204191061431098422
5204194619809645622
5204194619809740342
5204191061431182390
5204194619809773622
5204194619809794102
5204191061431228470
5204194619809838646
5204194619809842742
5204191061431267382
5204194619809914934
5204194619809969718
5204195081451566646
5204195081451585078
5204194619810016822
5204195081451615798
5204195081451619894
5204195081451627062
5204194619810119222
5204194619810212918
5204194619810244662
5204194619810247222
5204194619810289718
5204195081451880502
5204195081451919414
5204195081451943990
5204195081452022326
5204195081452088374
5204194619810526262
5204195081452127286
5204194619810635318
5204195081452269622
5204195081452306486
5204195081452327478
5204194619810740790
5204194619810744886
5204195081452417078
5204194619810810422
5204195081452436022
5204194619810874422
5204195081452506678
5204195081452540982
5204194619810951222
5204194619811003446
5204195081452721718
5204194619811174966
5204194619811294262
5204194619811385910
5204195081453009974
5204195081453021238
5204194619811540534
5204195081453161014
5204194619811599414
5204195081453385270
5204195081453431862
5204199202516947510
5204199202517084214
5204199202517158454
5204199698608629302
5204199202517175350
5204199698608673846
5204199698608912438
5204199202517483574
5204199698609005110
5204199698609045558
5204199698609076278
5204199698609080886
5204199698609258038
5204199698609336374
5204199698609356854
5204199698609445430
5204199202518012470
5204199202518043702
5204199202518076982
5204199202518155318
5204199698609803830
5204199202518406198
5204199698609880630
5204199202518410806
5204199698609892918
5204199698609918518
5204199698610011702
5204199202518572598
5204199698610120758
5204199202518633014
5204199202518649910
5204199202518652470
5204199698610184758
5204202632048032310
5204199698610256438
5204202632048046646
5204202632048149558
5204202632048263734
5204202632048343094
5204202632048377398
5204202986338854454
5204202986338889782
5204202632048459830
5204202986338930230
5204202632048483382
5204202632048509494
5204202986339001398
5204202986339085366
5204202632048678454
5204202632048846390
5204202986339328566
5204202986339388470
5204202986339486262
5204202632049114678
5204202632049222198
5204202986339621942
5204202986339665974
5204202632049304118
5204202986339715126
5204202632049421878
5204202632049478710
5204202986339920438
5204202986339951670
5204202986340131894
5204202986340253238
5204202986340261430
5204202632049954870
5204202632050002998
5204206014357946934
5204206014358045750
5204202986340639286
5204206014358067254
5204202986340722230
5204202986340791862
5204206014358191670
5204202986340803126
5204206014358386742
5204206014358712886
5204206014358758966
5204206014358805046
5204206014358854198
5204206014358930486
5204206014359009846
5204206785238217270
5204206014359115830
5204206785238264886
5204206785238273590
5204206785238281782
5204206014359203382
5204206014359251510
5204206785238408246
5204206785238448694
5204206014359404598
5204209731652135990
5204209731652146230
5204209731652167222
5204206785239298614
5204210382295537206
5204210382295538230
5204209731652451382
5204209731652519990
5204209731652545590
5204210382295762486
5204209731652664886
5204210382295784502
5204209731652813878
5204209731652836406
5204210382295992886
5204209731652977206
5204209731652982838
5204210382296218678
5204210382296269366
5204209731653211702
5204209731653248054
5204209731653505590
5204210382296649782
5204210382296694838
5204210382296888886
5204209731653826102
5204210382296953910
5204210382296977974
5204209731654081078
5204209731654092854
5204213786101204534
5204210382297357366
5204213786101286966
5204213786101300278
5204213786101350454
5204213786101363766
5204210382297550902
5204213786101453878
5204214619224156214
5204213786101525046
5204214619224346166
5204213786101908534
5204213786102002742
5204213786102011958
5204213786102075958
5204213786102176310
5204213786102206518
5204214619224894006
5204213786102400566
5204214619225064502
5204213786102471222
5204213786102521910
5204214619225124406
5204213786102548534
5204213786102759990
5204213786102769206
5204214619225370166
5204214619225800758
5204217518327137846
5204217518327162934
5204217518327192118
5204217518327557174
5204218074582052406
5204217518327634998
5204218074582188086
5204218074582234166
5204217518327864374
5204217518327876150
5204217518327953974
5204218074582386742
5204217518328024630
5204218074582458422
5204218074582588470
5204218074582656566
5204217518328231478
5204218074582708278
5204217518328287798
5204217518328305206
5204218074582835766
5204218074582857270
5204217518328435766
5204217518328511542
5204218074583042614
5204217518328625206
5204218074583110710
5204218074583117878
5204218074583322166
5204217518328978486
5204217518328981046
5204218074583435830
5204218074583585846
5204218074583606838
5204218074583738934
5204220241414235190
5204220773912299062
5204220773912612406
5204220241414681142
5204220241414731318
5204220773912859702
5204220773913033270
5204220241415086134
5204220773913115190
5204220241415220278
5204220773913168950
5204220241415341622
5204220241415519798
5204220773913684022
5204220773913759286
5204220241415892534
5204220773913821238
5204220773914037302
5204220773914096694
5204223202735450678
5204223202735514166
5204223806215879222
5204223202735814198
5204223806216055350
5204223806216074806
5204223202735899702
5204223806216252982
5204223806216267830
5204223806216306742
5204223806216366646
5204223806216376886
5204223806216381494
5204223806216455222
5204223806216590390
5204223806216636982
5204223202736613942
5204223202736647222
5204223806216904246
5204223806216945206
5204223806217004598
5204223202736812598
5204223806217087542
5204223202736866870
5204223202736870966
5204223806217125942
5204223806217126966
5204223806217287734
5204223202737078326
5204223806217321014
5204223202737167926
5204223806217446454
5204226063164760118
5204226063164767286
5204226063164786230
5204226063164867126
5204226063165145142
5204226567900999734
5204226567901335606
5204226567901585974
5204226063166010422
5204226063166022710
5204226063166073398
5204226567901924406
5204226063166136374
5204226063166361654
5204226567902325302
5204226063166539318
5204226063166562870
5204229194214572086
5204226567902500406
5204229194214628406
5204229194215005750
5204229875025647670
5204229194215017526
5204229875025709110
5204229194215120950
5204229194215276086
5204229194215356470
5204229194215357494
5204229875026082358
5204229194215514166
5204229875026256950
5204229194215778358
5204229875026446390
5204229194215974966
5204229194216034358
5204229194216165430
5204229194216217142
5204229875026819126
5204229194216383030
5204229194216440374
5204229875027019318
5204229194216486454
5204229875027117110
5204229875027121206
5204229875027161142
5204229875027300406
5204232409079475254