1184173160441987586
1184392753529932674
1184253676046434690
1184251973091899266
1184245698144675330
1184178632230324994
1184173091722509954
1184170531921999234
1184078104225786626
1184078072013531010
1184077962491863682
1184046272075648002
1184016250254218882
1183884220812011906
1183883089088128002
1183882558659665922
1183880503517812226
1183879378236378498
1183878304494553474
1183878102631089666
1183878023174193794
1183855152473321090
1183467185934177154
1183254937129272322
1183112565405832066
1183107806582065410
1181440481085100802
1180862833560151554
1180470022293701506
1180353817658536962
1180096899157334146
2646620839973229612
1179393130268475394
1179192624015213570
1165253135718989826
1179039587816705538
1179038337981220098
1178275904014535682
1178244789123957506
1178053624424570370
1176797228286154114
1176796055760081538
1176390926527389826
1176439296449087874
5047082369904201772
1176077159839047042
1174003057983757058
1173841285893065602
1173631944940889218
1173468081201126146
1173456452426176258
1173083724426809858
1173049081371592450
1173048748511626242
1173043167201624322
1173042752737278850
1172932679167932418
1172932228196365442
1172932017742967170
1172931725685189634
1172930729252776066
1172928665520989570
1172928504459714562
1172928240319225090
1172928100732787074
1172927954703898114
1172927789347656322
1172927596074127234
1172927385620728962
1172927276099062018
1172927160134944130
1172927046318309890
1172926943239093890
1172926752113048322
1172926657623766914
1172926436432950274
1172926348386119810
1172926185177361666
1172926082098145666
1172925820105139714
1172925721320891010
1172925356248669954
1172925190892428162
1172924673348868226
1172924205197432194
1172924140772921986
1172896848403235970
1172896326564708610
1172894034928654082
1172893835212673922
1172893592547020802
1172893523827543170
1172892718521174274
1172892239632319874
1172892140848071170
1172891928247189122
1172891908919835522
1172891812283070466
1172891387081306754
1172891348426600322